n R sigma
1.0  1.0  0.0
2.0  1.2406358184155872  0.6741682030949591
3.0  1.567345327133204  0.7481501356771313
4.0  1.779637489552924  0.9017374372719404
5.0  2.0115349316175286  1.001742091998966
6.0  2.182896777197332  1.1102889984600859
7.0  2.3568681038826433  1.1970182709134534
8.0  2.5291466319143288  1.2872440771960876
9.0  2.6908996882921468  1.3715680324173598
10.0  2.816635428574676  1.443968442348361
11.0  2.949405817084881  1.5078611760191534
12.0  3.0872482565516695  1.5771931404931598
13.0  3.197518752401428  1.647390004838325
14.0  3.32883386272012  1.703691613646039
15.0  3.4524759361735318  1.7855671116322385
16.0  3.558243997818541  1.837764852201806
17.0  3.6652263283711735  1.89384158836339
18.0  3.7715539899569173  1.9311500461745732
19.0  3.8661367818818557  1.9968190663603471
20.0  3.9750908598540597  2.0514416043126142
21.0  4.072722500314423  2.100626438811202
22.0  4.171696651086865  2.1481822667805988
23.0  4.267989634948417  2.2016049772774577
24.0  4.357639556692193  2.2492482063906314
25.0  4.434000763237334  2.3049636074373803
26.0  4.5342164504546005  2.337772696484173
27.0  4.621975546010191  2.4043298550913934
28.0  4.706221212690881  2.4377411464752314
29.0  4.785191795704577  2.4776197202802543
30.0  4.87463665725435  2.5197653580744643
31.0  4.9081622880410505  2.5621403072922533
32.0  5.013589868296032  2.5925347890663644
33.0  5.100360211099482  2.646772698407109
34.0  5.1743374556485975  2.690979727733377
35.0  5.244318545083798  2.7247867802252257
36.0  5.334673728011844  2.756899747118167
37.0  5.36272043423533  2.811513746051196
38.0  5.476293631672356  2.8470735957654467
39.0  5.523091343073898  2.8600912600933146
40.0  5.5946561731767215  2.8979203411991166
41.0  5.691073820799436  2.9710635749191416
42.0  5.750638308745092  2.989822577009108
43.0  5.832792569743757  3.0356005729249067
44.0  5.901102718363078  3.0664942046786736
45.0  5.955850952538601  3.1005192196058133
46.0  6.019849078020958  3.136908841176329
47.0  6.076520391101364  3.1697097558813367
48.0  6.143161049398854  3.190218224690714
49.0  6.223403507742998  3.2312797433543485
50.0  6.256600204445326  3.261348475973505
51.0  6.342396085117424  3.3181127014444782
52.0  6.387262533387933  3.325251468622902
53.0  6.451306005204791  3.3508940340166826
54.0  6.5282686172473126  3.4036111500968884
55.0  6.586529750597186  3.428612816358559
56.0  6.643089524997826  3.4437714155942696
57.0  6.7056334485486975  3.4682358705406564
58.0  6.787154592564766  3.5280040443042298
59.0  6.79464045413461  3.532367633618762
60.0  6.858114376747362  3.5847604097695487
61.0  6.926478574458827  3.6201042191576227
62.0  7.023608834206246  3.649857386811159
63.0  7.05923286682278  3.6871603344537416
64.0  7.117511380175976  3.7064985839826594
65.0  7.171358102183384  3.722179868067734
66.0  7.229019877822661  3.7449848605895384
67.0  7.24893025768032  3.808843672203774
68.0  7.320338088152557  3.819831184115729
69.0  7.3529397578375075  3.8299525999171973
70.0  7.436664824437739  3.8751279061432813
71.0  7.484423407903741  3.8913835908610386
72.0  7.524622863209239  3.9426629029716445
73.0  7.58148148834644  3.920020209368857
74.0  7.640758244769197  3.982832339553292
75.0  7.702309976697104  3.993364624332752
76.0  7.754790240148514  4.04586558492708
77.0  7.765889816510165  4.052216104531411
78.0  7.836568121198009  4.060736396495482
79.0  7.86814334970559  4.1135726842349225
80.0  7.972750370729218  4.149182030959489
81.0  7.9582797978701665  4.166656052377203
82.0  8.059933054805875  4.197189434853714
83.0  8.066991421855642  4.205219304591318
84.0  8.155535581853735  4.250414023729648
85.0  8.183848721048806  4.254082757891273
86.0  8.229951777503528  4.299345733942146
87.0  8.297726228904937  4.31865250166566
88.0  8.332155926051001  4.313932964705546
89.0  8.349350280527558  4.346183370850152
90.0  8.397894038945301  4.396516315294074
91.0  8.491114473097305  4.409666087671206
92.0  8.49183141947584  4.430453604677848
93.0  8.566023117114621  4.457475513904468
94.0  8.572461263264966  4.4480678827803
95.0  8.648334269536315  4.488371014339587
96.0  8.706123677038084  4.532622918368225
97.0  8.703868653272172  4.542658964371644
98.0  8.769739960090286  4.580969442421073
99.0  8.844761495867205  4.617262617744946
100.0  8.873606546718529  4.646859891801567
110.0  9.271321041956746  4.828354392230346
120.0  9.70074191456231  5.068639492709457
130.0  10.116139426867893  5.249388830727721
140.0  10.536212415989445  5.468287476454568
150.0  10.842214889855272  5.685803046377936
160.0  11.214705417792263  5.863488926581241
170.0  11.554713074969543  6.0220350177600155
180.0  11.904409777507428  6.207892383827666
190.0  12.279370573385647  6.4062140396236105
200.0  12.549002105795825  6.5334528504254115
210.0  12.813047675402013  6.713974178374169
220.0  13.173273224373132  6.873647689255969
230.0  13.448029271033478  6.989160802659126
240.0  13.71607779122657  7.179690106475435
250.0  14.02537532660621  7.25982692271832
260.0  14.296836409076368  7.4923513460133675
270.0  14.5731753647564  7.628547685376108
280.0  14.836721885402836  7.720745022030485
290.0  15.123299741088603  7.924634057241343
300.0  15.287978385979622  7.987189547633127
310.0  15.543940088018843  8.111264176445047
320.0  15.79418674577492  8.292084480972669
330.0  16.061792082228045  8.39601423934455
340.0  16.272885623756327  8.515019288066508
350.0  16.576017899320036  8.715525836197251
360.0  16.708043010651654  8.77580188667762
370.0  17.02999083483737  8.863372505167272
380.0  17.24844717605944  9.073043040495683
390.0  17.50620479561239  9.135186569199217
400.0  17.805901052683957  9.316669345964163
410.0  17.964873415101785  9.392830413638329
420.0  18.17182531886241  9.525158506857041
430.0  18.36751696560807  9.603559783647926
440.0  18.58013235532447  9.73210263296811
450.0  18.89407123325019  9.857800577860539
460.0  19.033342586902158  9.917283396657405
470.0  19.233754149623095  10.0352868076531
480.0  19.49249295641146  10.105728986285431
490.0  19.6045272553119  10.256317618703743
500.0  19.9090079864891  10.404835462125925
510.0  20.1029281425288  10.52130220535099
520.0  20.191271289964778  10.5861486714973
530.0  20.44720972273151  10.673687954715273
540.0  20.54279836363317  10.723270741294854
550.0  20.84848121089977  10.885374187356135
560.0  20.945717993655883  10.971893078691581
570.0  21.08768591064895  10.99226195711409
580.0  21.325721521082702  11.149401849661267
590.0  21.469475454236537  11.28134848854226
600.0  21.71693366911047  11.359419527927296
610.0  21.909697152242554  11.484948876552066
620.0  22.001991655443824  11.549675458374589
630.0  22.21518047885809  11.630722088149234
640.0  22.48535523717135  11.849381412470903
650.0  22.647926032925763  11.790825518475097
660.0  22.791194602933032  11.905487330270704
670.0  22.946437881795415  12.008382427991888
680.0  23.10958492567013  12.05440021582326
690.0  23.28553532071213  12.185862498316151
700.0  23.422804613357833  12.239300798839084
710.0  23.63289303649511  12.352804002556708
720.0  23.740595231803333  12.444099727970556
730.0  23.953803445866654  12.526500727529085
740.0  24.10783154549074  12.602871822495121
750.0  24.283377432405  12.602357734779774
760.0  24.453417712073502  12.756650900563594
770.0  24.586239135675747  12.806041744558161
780.0  24.735158582295295  12.903007785346153
790.0  24.870850132758044  12.9994982085421
800.0  25.07043996144791  13.167210036277075
810.0  25.279817205539548  13.170677357467483
820.0  25.27154332474908  13.195260436434378
830.0  25.503296916971138  13.30980264184298
840.0  25.605875400743013  13.361443221509562
850.0  25.657925627105794  13.43875189568986
860.0  25.8775281126267  13.57343061942024
870.0  26.13366258358358  13.688229248789037
880.0  26.2438677486953  13.671265690819947
890.0  26.561089127099276  13.890544423538215
900.0  26.56740020979258  13.853163035664931
910.0  26.762321947665438  13.957536457753024
920.0  26.90694924972972  14.046507824810737
930.0  26.973038285252688  14.128182673730292
940.0  27.182796968944455  14.206785313544518
950.0  27.446637681722898  14.303514252386679
960.0  27.469259012226154  14.339908971790312
970.0  27.611738835720644  14.46811385315848
980.0  27.64494728299964  14.488698689674333
990.0  27.964552789663728  14.59286974087382
1000.0  28.08989823531876  14.614447547869746
1100.0  29.424485183086354  15.347821725258985
1200.0  30.6481521689227  16.074850189988048
1300.0  32.028813952038576  16.681179119765456
1400.0  33.12399216941403  17.287501923661438
1500.0  34.2690518201554  17.865779785598615
1600.0  35.377350912422074  18.460586188400114
1700.0  36.57248460573199  19.14804297476629
1800.0  37.52170540847053  19.587732978574966
1900.0  38.54264498012002  20.148531408924793
2000.0  39.63113611451213  20.72034580486079
2100.0  40.390708423600806  21.130345786088377
2200.0  41.63722501915242  21.787142371235106
2300.0  42.42525587952356  22.136325882064337
2400.0  43.103910072400524  22.53276850434515
2500.0  44.29950273188278  23.171761212905455
2600.0  45.26203485961286  23.56624960334568
2700.0  46.00879928882689  24.005957760531906
2800.0  47.05787184468045  24.648838866154147
2900.0  47.75830711615485  24.88739924939994
3000.0  48.63720946470523  25.463799313660722
3100.0  49.59620965461561  25.81703445199338
3200.0  50.36898112866009  26.209300640434567
3300.0  50.88340526429474  26.53253076337692
3400.0  51.62340602908441  26.842592087134424
3500.0  52.439737189988776  27.518269266887195
3600.0  53.111359932791636  27.70612253797805
3700.0  54.03907960165611  28.315165473750532
3800.0  54.47665590943721  28.523485076771028
3900.0  55.34598856286242  28.931775092439484
4000.0  56.098056581757625  29.24573965127092
4100.0  56.83087271529142  29.51343298259871
4200.0  57.27332613599117  29.933850626345937
4300.0  58.0026874093638  30.47453220792125
4400.0  58.78169142699722  30.72772157159202
4500.0  59.56564199629381  31.024096660005405
4600.0  60.18824769871066  31.51501037535369
4700.0  60.54907558737852  31.7449266106243
4800.0  61.385798937140976  32.10872854612747
4900.0  61.95608845164949  32.44735310886521
5000.0  62.7198919302006  32.70279737673763
5100.0  62.973158168305616  32.96839835826975
5200.0  63.80174608741299  33.47071819064064
5300.0  64.41977448573921  33.80975325562881
5400.0  65.19759595229488  34.20208154544548
5500.0  65.69314557952688  34.26646908957921
5600.0  66.30070647594188  34.537018701546884
5700.0  67.05148943922639  34.953377862251216
5800.0  67.4725222371061  35.45152835863669
5900.0  68.0768128718169  35.59779360038519
6000.0  68.71616308167005  35.758434408308844
6100.0  69.39533765515645  36.057636524414974
6200.0  69.79915798835354  36.47000691139038
6300.0  70.48509554002442  36.83801849602703
6400.0  70.61563448713426  36.97430683568598
6500.0  71.30619883505344  37.292191511036506
6600.0  71.9253891607571  37.58445947560832
6700.0  72.4297240368921  37.92678019473384
6800.0  73.17851377180942  38.149315356230176
6900.0  73.77086278883125  38.34488940382319
7000.0  74.20014694906708  38.66238808890175
7100.0  74.83293296248317  39.16554128609102
7200.0  75.06806503248413  39.274687933562674
7300.0  75.89260585242886  39.70093672607588
7400.0  76.2071284148812  39.9234790412585
7500.0  77.01490712788878  40.08359639656434
7600.0  77.21295392682116  40.324516437207194
7700.0  77.75986526043535  40.83230871110449
7800.0  78.20371043480213  40.776590272233655
7900.0  78.3500983556049  40.9200220878122
8000.0  79.35118473618176  41.59919687883835
8100.0  80.3370860881545  41.9873985722437
8200.0  80.16210944986219  41.92828840470734
8300.0  80.80520354040947  42.25582800979053
8400.0  81.35651620905533  42.639149502842066
8500.0  81.43888521779834  42.9102122400049
8600.0  82.44207894587461  43.24741887190701
8700.0  82.38449125227365  42.98715716471661
8800.0  83.31149158744266  43.59971318111475
8900.0  83.59652501006144  43.645359045861596
9000.0  84.17040744831102  44.2014919429798
9100.0  84.79690312334533  44.30772032829027
9200.0  84.83304817458985  44.44701111894611
9300.0  85.59106712832462  44.71233842950543
9400.0  85.92087978500828  44.68456351996912
9500.0  86.62164919235404  45.400481838816965
9600.0  86.86686027852407  45.43566644555109
9700.0  87.49333003976794  45.65294359131994
9800.0  87.82258694248247  46.006007028757736
9900.0  88.3150550056471  46.10391067306035
10000.0  88.86473591063198  46.46981807080415
