n R sigma
1.0  1.0  0.0
2.0  1.2060990856603306  0.7372414771086299
3.0  1.5830013585399711  0.6875657778428226
4.0  1.7491830573510416  0.9611652469144226
5.0  2.017973342155294  0.9603872085521511
6.0  2.159829112595541  1.1543561860988825
7.0  2.386739149400702  1.1737615740507155
8.0  2.505348499156329  1.3172656898952202
9.0  2.6882954182590764  1.3437067180628581
10.0  2.8057608542062464  1.4645634260774896
11.0  2.96166652116717  1.4887482720048926
12.0  3.079829225027749  1.6146863301164642
13.0  3.2273708920666606  1.628323409228292
14.0  3.3273769783120763  1.7367447838409635
15.0  3.4392325307720544  1.755129510685536
16.0  3.548446597426851  1.8517469441610552
17.0  3.6613131196964463  1.877888771876193
18.0  3.7434857131002293  1.9472223077539113
19.0  3.883852596916464  1.9942339394928668
20.0  3.980806507840327  2.0678635223670105
21.0  4.084945959687701  2.094912052194823
22.0  4.153528998365817  2.1552347574531763
23.0  4.263906507448853  2.1954455802263286
24.0  4.350285323602573  2.2704751932685943
25.0  4.434624639688125  2.2713397599370655
26.0  4.5182292991931465  2.3570753063728374
27.0  4.613648054596313  2.382236686041011
28.0  4.699248395675877  2.456653112618405
29.0  4.772235858024353  2.46360810913314
30.0  4.866012635179726  2.525826802112777
31.0  4.930154132632396  2.5585113305372933
32.0  5.018544120439991  2.619285190886475
33.0  5.10637321841406  2.648938004986836
34.0  5.18796410809777  2.699827478393631
35.0  5.25497162281209  2.7147436791416735
36.0  5.314811595453711  2.756254288854855
37.0  5.393841805707264  2.7872263228888694
38.0  5.481038515055054  2.853821437385859
39.0  5.547126813979858  2.8697777108385356
40.0  5.62472498971706  2.9257458519243293
41.0  5.6880949634936915  2.9396148874091823
42.0  5.733444090972467  2.974346794792581
43.0  5.839164959298839  3.0182896776314547
44.0  5.8874920856912745  3.0737073609767416
45.0  5.946709548095137  3.0932063543504724
46.0  6.030477451502299  3.1420855664546017
47.0  6.100363036866262  3.156144929884532
48.0  6.150071961649634  3.212067070677544
49.0  6.188158552566314  3.2012456526015587
50.0  6.274858527867291  3.2838316727949275
51.0  6.329641918005402  3.2933073330360316
52.0  6.400599759242305  3.328495564363477
53.0  6.460187928209121  3.3547059382636126
54.0  6.531409265878146  3.409160160743566
55.0  6.5683757390412305  3.4113868368706837
56.0  6.652276559502171  3.461458735258583
57.0  6.710113185238708  3.4788246637744833
58.0  6.728711201762717  3.5343861649900297
59.0  6.816129233051128  3.5481688627157877
60.0  6.886292804337037  3.610885128737266
61.0  6.93550188738704  3.6076825761215208
62.0  7.038630905692787  3.648708672040882
63.0  7.049048228358086  3.660344119653469
64.0  7.083979080752139  3.6778309345952933
65.0  7.133873587310882  3.705596799473489
66.0  7.223226474556787  3.7555238379301925
67.0  7.275620470734225  3.7905021785817636
68.0  7.301326365724353  3.797624691985559
69.0  7.3559876370073  3.823360548548326
70.0  7.410805183777473  3.8718944365900447
71.0  7.473324894642366  3.871936856292811
72.0  7.518871585993273  3.920894040055533
73.0  7.601577847042327  3.960294715719444
74.0  7.636454716402362  3.976505924091667
75.0  7.653716845614619  4.002836300319437
76.0  7.7421456704983385  4.036278040074027
77.0  7.7782565949415785  4.068317138971327
78.0  7.865299226826657  4.104917547586063
79.0  7.881008155548386  4.087398983727895
80.0  7.919007068719235  4.117281511577121
81.0  7.992894071713825  4.150918495750307
82.0  8.000168747604501  4.196438967726353
83.0  8.090212144501763  4.196673379827907
84.0  8.132652483605407  4.270592884004141
85.0  8.160071245199005  4.241796467686346
86.0  8.21362180406878  4.270547606540165
87.0  8.310687647087027  4.306310582453976
88.0  8.292331080993865  4.322610928962162
89.0  8.330296337747656  4.366509237973507
90.0  8.411311705392771  4.384344351750048
91.0  8.477595058657045  4.428081076655402
92.0  8.493200733691834  4.444590115771813
93.0  8.566005851904835  4.436036941362428
94.0  8.588079010062662  4.4984329401382785
95.0  8.655636884423814  4.502145058191929
96.0  8.663565445527176  4.520689523852252
97.0  8.741109784105054  4.533947478988137
98.0  8.77747450093073  4.575860726192488
99.0  8.846896241620952  4.606728436753471
100.0  8.862900453809125  4.61695089272888
110.0  9.356434613554457  4.861116262987347
120.0  9.680468312930635  5.0517930720038295
130.0  10.075472173379964  5.28015724040923
140.0  10.492397342850333  5.471880663880314
150.0  10.88982099396804  5.673905067881636
160.0  11.216687689702232  5.858740246135036
170.0  11.571575009944574  6.041514031203291
180.0  11.940671125681542  6.242042379567374
190.0  12.237985990677245  6.372473530112738
200.0  12.50522320574258  6.5412775949777044
210.0  12.83841239255147  6.7426587663013775
220.0  13.201300300196893  6.894600088766674
230.0  13.46248200679062  7.019129448645238
240.0  13.732163275059438  7.180621963807095
250.0  14.02808250989907  7.321135232698808
260.0  14.360254214734331  7.4842113070252685
270.0  14.557702082650962  7.585013518299082
280.0  14.854224679299625  7.77674798208647
290.0  15.111425505889796  7.868208130187157
300.0  15.322894749140698  8.011173229106738
310.0  15.621312864062762  8.15731477896172
320.0  15.814942712496924  8.26352388514975
330.0  16.161712672106518  8.444726372374157
340.0  16.30062525896924  8.477632698262763
350.0  16.629333135042007  8.68576994191039
360.0  16.799745330074327  8.7679551119201
370.0  17.110476049156627  8.93351942804388
380.0  17.334797963438966  9.02347934927278
390.0  17.462443282098597  9.11794245537279
400.0  17.73858974771743  9.255112844378187
410.0  18.010904294438415  9.426713451494102
420.0  18.210031834682304  9.460929160492483
430.0  18.311357399101894  9.61013372447836
440.0  18.618327376880007  9.70069923703031
450.0  18.835815387935472  9.818854244340999
460.0  18.991928112721535  9.963149429834795
470.0  19.204381485346552  10.018381693930342
480.0  19.40363705667186  10.132521353194898
490.0  19.650086578911232  10.250737409635109
500.0  19.841956977352442  10.366120938369123
510.0  19.992957588585647  10.41303639007449
520.0  20.21234174479148  10.557562275059512
530.0  20.395508849967673  10.67104956182335
540.0  20.552793002379065  10.757046983320194
550.0  20.763789586835628  10.874515253270664
560.0  20.93619227557031  11.070028590764801
570.0  21.1213134387486  11.06437339491658
580.0  21.413658473514506  11.177058234601823
590.0  21.60787531954626  11.22223347533563
600.0  21.69224278826127  11.312548908850156
610.0  21.906931191065176  11.466077175300002
620.0  22.098262197182212  11.54920810551908
630.0  22.269211180362518  11.609998854626
640.0  22.43084551803728  11.714902020330635
650.0  22.686406414774172  11.880264474484282
660.0  22.702664821787653  11.860777798675993
670.0  22.934181230568207  12.019819103607716
680.0  23.099973707812456  12.032504922017411
690.0  23.322125323529654  12.208942230741236
700.0  23.365932428452176  12.250030275432263
710.0  23.5937493473947  12.34120057904871
720.0  23.73980701111551  12.482940481913342
730.0  23.939217559971254  12.459970409931316
740.0  24.062577677802462  12.562255987668879
750.0  24.28845938293434  12.727277038060759
760.0  24.480885206016815  12.796140806111312
770.0  24.620454552676758  12.840242116859722
780.0  24.697117606113952  12.94485156151959
790.0  24.932328465475024  12.956161363986782
800.0  25.009869228179017  13.073428058064355
810.0  25.240174824426145  13.211354769000966
820.0  25.384913260554242  13.244188867353767
830.0  25.640432216236647  13.325386139417265
840.0  25.736404365673668  13.479633909217762
850.0  26.030462691540293  13.562249520795907
860.0  26.065292142341683  13.595712027487965
870.0  26.17565866524491  13.682758984963126
880.0  26.335689393662186  13.74052925329112
890.0  26.45455511652949  13.867019636046647
900.0  26.603953546681446  13.871415777995253
910.0  26.782575018736683  13.925238790259284
920.0  26.852406681523373  13.985847682928584
930.0  26.993715007548115  14.021403285380234
940.0  27.17589726506041  14.25946590300219
950.0  27.26788319930119  14.299756145797314
960.0  27.40257184865453  14.311041055049985
970.0  27.595375176249654  14.37927358672977
980.0  27.782740908509417  14.488826992225327
990.0  27.740708357767883  14.513229131012407
1000.0  28.043011411462576  14.614636190359981
1100.0  29.339014002413833  15.390272816495651
1200.0  30.681190879512332  16.06412046191541
1300.0  32.08305543522016  16.795692124488053
1400.0  33.246902769479085  17.38512399256341
1500.0  34.31285482175169  17.9570541565534
1600.0  35.37788205998902  18.51714613404309
1700.0  36.60808651098742  19.143362348450204
1800.0  37.561872601570336  19.628815722386307
1900.0  38.54382446273202  20.15045199954832
2000.0  39.66278002831678  20.69300075932332
2100.0  40.603522983676655  21.24046895230992
2200.0  41.54250275883283  21.76124133711969
2300.0  42.55570409266537  22.332965973589438
2400.0  43.40182351143313  22.66334035137827
2500.0  44.42420717428488  23.08823979726943
2600.0  45.32490823740167  23.578568516157173
2700.0  45.98985292076909  24.094419028605497
2800.0  46.842073755776745  24.394984858744465
2900.0  47.829605935194614  24.865475585317007
3000.0  48.593465175101834  25.444741348187556
3100.0  49.41261726871606  25.764020933374965
3200.0  50.21063154944647  26.250445318236626
3300.0  50.96648451287593  26.614818736913808
3400.0  51.45759624914415  26.909951844253932
3500.0  52.30678571904618  27.432970815093764
3600.0  53.03681715173944  27.830987521339537
3700.0  53.85780117475054  28.277638738427918
3800.0  54.716849830621165  28.51520199145103
3900.0  55.42818075588759  28.813297938497996
4000.0  55.84944076066338  29.153153632517224
4100.0  56.65755786711314  29.71642200088574
4200.0  57.52903161424746  29.966471956620392
4300.0  57.97566559501177  30.45682712981391
4400.0  59.026141599822296  30.793165602739318
4500.0  59.61235007548137  31.270585515436956
4600.0  60.362359523270925  31.512214025412174
4700.0  60.64453965105925  31.62132461664284
4800.0  61.37443871385623  32.17459110166134
4900.0  62.16037377293843  32.63906512767466
5000.0  62.7945066347939  32.88788312574747
5100.0  63.28934621300437  33.150422258705376
5200.0  63.818768325321  33.450973818993745
5300.0  64.42221827551298  33.59140355004777
5400.0  65.23233504985939  34.101770393087904
5500.0  65.34981018792777  34.199599828094655
5600.0  66.17512110257846  34.715300762906764
5700.0  66.84412871778908  35.099813332262116
5800.0  67.57719757315385  35.2104621974624
5900.0  68.18726923762651  35.633504373208
6000.0  68.5745433443379  35.68949936767848
6100.0  69.26492655555823  36.156374116511245
6200.0  69.73895729859599  36.467847138330015
6300.0  70.40786923706936  36.846414065628444
6400.0  70.9323904732532  36.93374096608601
6500.0  71.70366409249289  37.25087966358575
6600.0  71.9223145238565  37.63274150964104
6700.0  72.54515826543215  37.795661817772164
6800.0  73.19553897057204  37.94966132665046
6900.0  73.59685440250436  38.44935138668237
7000.0  74.2145835229651  38.74414733237572
7100.0  75.18610756598392  38.947850121364795
7200.0  75.0484874547046  39.40400805452469
7300.0  75.91963036129987  39.550353801244256
7400.0  76.24876715617746  39.68681880880645
7500.0  76.6915223759735  40.1809138230523
7600.0  77.43291807754683  40.291011876049
7700.0  77.70223027760697  40.557538508713
7800.0  78.1195057284832  41.10699727220999
7900.0  78.68578529439061  40.858203981637054
8000.0  79.07794339230273  41.453340864685025
8100.0  79.69741081085259  41.73050191462112
8200.0  80.07089057692768  41.967381645960174
8300.0  80.7828325091494  42.15826006607382
8400.0  81.34921717770573  42.767854102988004
8500.0  81.99348633700012  42.725508988239966
8600.0  81.87973310440476  42.85347858402446
8700.0  82.53941672348147  43.004005475623636
8800.0  83.48606301326541  43.6454776872138
8900.0  83.43537047930644  43.556096163233896
9000.0  84.04344174738985  43.92354880076392
9100.0  84.7647545794522  44.19288020807467
9200.0  84.87953817579327  44.49513680239732
9300.0  85.25043751691717  44.65684519952345
9400.0  85.50020663139033  44.59112810851008
9500.0  86.70817274693272  45.21555107358612
9600.0  86.84410444556023  45.61940204615384
9700.0  87.08646668152714  45.4905871684161
9800.0  87.60435680081852  45.91297321580123
9900.0  87.75906588133279  45.80633925163515
10000.0  88.81559385798758  46.33251609456365
