n R sigma
1.0  1.0  0.0
2.0  1.1527837354855421  0.8171717440048936
3.0  1.59038711749851  0.6920468311427923
4.0  1.7245205725672812  1.0067615381967157
5.0  2.016743291371719  0.9585022152854759
6.0  2.1363418595610395  1.184552007759592
7.0  2.3658462558365665  1.1643330682172086
8.0  2.48720793972893  1.3443573425802278
9.0  2.689280479339826  1.3393918408896457
10.0  2.783814009378304  1.4860281158810869
11.0  2.964344080953258  1.5011209710470987
12.0  3.066665401512903  1.6231337945972615
13.0  3.2239428570172177  1.634702558475902
14.0  3.3164174209182296  1.753047486587308
15.0  3.4457735716430467  1.7587337754664065
16.0  3.5406583711154846  1.85433500184024
17.0  3.6660919154047575  1.8714780436339287
18.0  3.7615733337896238  1.9783189971596629
19.0  3.870190003264811  1.9991821674447587
20.0  3.9667049629995965  2.080310490411075
21.0  4.083900879862315  2.1059187077045043
22.0  4.1454845180633235  2.1775348700990516
23.0  4.28303203652595  2.2036461998452426
24.0  4.339810081601514  2.2711117224015784
25.0  4.423770741535642  2.2725035591464313
26.0  4.507960648714407  2.35237556305161
27.0  4.612199134775345  2.3780242095440407
28.0  4.7102776122005485  2.450303004936797
29.0  4.786856257132283  2.4570199782568944
30.0  4.8568821579290375  2.5369540208664754
31.0  4.946912418882905  2.535026137912998
32.0  5.005048028130388  2.612350327982086
33.0  5.082473785968509  2.6312696963524904
34.0  5.183755239602886  2.696494319647203
35.0  5.25606423934583  2.718512223969196
36.0  5.3161132042424475  2.782218611051098
37.0  5.413567532028358  2.7912410458733934
38.0  5.472969804315938  2.8568831829541024
39.0  5.550127628517009  2.863369222991014
40.0  5.60532457597553  2.9235143916123874
41.0  5.701387794486779  2.96637105178654
42.0  5.713889575631336  2.9924080466225766
43.0  5.807502074779644  3.0172370890319726
44.0  5.880162629681274  3.0730225265200715
45.0  5.939693226619167  3.0810784432815717
46.0  6.0209285182677  3.146369300942074
47.0  6.099243526607754  3.1779314660850395
48.0  6.124459135723656  3.200696845196534
49.0  6.224830890941819  3.214464244501171
50.0  6.323019226878323  3.284135785336389
51.0  6.371698717396589  3.297692443926005
52.0  6.4042806124782246  3.329439868301504
53.0  6.464920600524148  3.343019836752167
54.0  6.507952277250294  3.400702450528818
55.0  6.597398848971439  3.4232248578774853
56.0  6.6422546129460125  3.4511235354297916
57.0  6.688900958236456  3.4835476128371523
58.0  6.772531967505672  3.525213574964466
59.0  6.820786751034581  3.5336819462015985
60.0  6.879824857965246  3.589530599357455
61.0  6.914742316989648  3.5965175781069987
62.0  6.981063057822133  3.6378425725574077
63.0  7.008754732224847  3.6581876801929973
64.0  7.073287280175502  3.6867257901975092
65.0  7.141265052797731  3.7180200975371047
66.0  7.185598439826824  3.7435698285938668
67.0  7.239322479410558  3.7652848549745834
68.0  7.296922153810166  3.809874942991491
69.0  7.360062269057649  3.8467029253107095
70.0  7.433693504109022  3.8801212464261123
71.0  7.491456294536241  3.9192553612967513
72.0  7.543584606249396  3.908906661504871
73.0  7.568033222742384  3.9645066703774785
74.0  7.5657111693602745  3.9742338257602796
75.0  7.6546424484445  4.0046833815511045
76.0  7.699863062311516  4.0197125297278085
77.0  7.762357945865618  4.057119559522114
78.0  7.793997747371687  4.084894015022307
79.0  7.913503617635411  4.13635352619566
80.0  7.891975081912143  4.1457531651652655
81.0  7.9810090698308  4.151413521594604
82.0  8.016102302902945  4.199679019805455
83.0  8.110600999505035  4.2319323514002365
84.0  8.096926107153443  4.254657167774742
85.0  8.139596682902178  4.229329242289829
86.0  8.225764710449159  4.303802380259724
87.0  8.267693183475721  4.2827478823658405
88.0  8.30278844601641  4.33769800939351
89.0  8.353451932071497  4.3541980683670065
90.0  8.384697559287083  4.380909362139923
91.0  8.465114562390923  4.42099258601472
92.0  8.521755084370694  4.453745646307412
93.0  8.564714310523145  4.476776605898494
94.0  8.636800697895755  4.489629573230669
95.0  8.643347505265233  4.4804870162991515
96.0  8.709251345724162  4.538175954830517
97.0  8.74933089685473  4.564433026931517
98.0  8.79934818589574  4.571200225692738
99.0  8.83804466901762  4.5990766930384215
100.0  8.873600487042589  4.629947558704906
110.0  9.27958522421678  4.84328381023636
120.0  9.71850728609754  5.072292985432628
130.0  10.082337310226377  5.26340330611451
140.0  10.516493332341394  5.491665320357661
150.0  10.888738982572807  5.6627081303382845
160.0  11.228896868125407  5.879868631611036
170.0  11.550641754768145  6.048022408441181
180.0  11.901326744593755  6.169165398853998
190.0  12.205903767024399  6.389515883863159
200.0  12.548154784451118  6.550955007131137
210.0  12.934727006843579  6.752503036536256
220.0  13.164055766675878  6.840675096205605
230.0  13.401512722483739  6.980855015619969
240.0  13.731044493579594  7.152809036688839
250.0  14.002086528744686  7.278214948841962
260.0  14.363268014301463  7.524670886447097
270.0  14.56152720869813  7.59719062221977
280.0  14.849003495370862  7.74512719033483
290.0  15.030308138237949  7.8883558026763785
300.0  15.309561614462737  8.009206151234284
310.0  15.64762838414383  8.168218040168634
320.0  15.866745390460832  8.299825944818961
330.0  16.105334243797103  8.367623850029133
340.0  16.312242462429687  8.543966634234115
350.0  16.581715973832548  8.630470170456908
360.0  16.856560540716846  8.815025055956893
370.0  17.09517416905876  8.890997701582545
380.0  17.32978214016123  9.055403413131236
390.0  17.612808165451455  9.157837546441112
400.0  17.70716811440719  9.24542359051879
410.0  17.904734889621977  9.362156190341702
420.0  18.18337538728796  9.531273761936042
430.0  18.282440315243445  9.59456179924655
440.0  18.537014372755312  9.743077447309087
450.0  18.78942141820587  9.815826137878897
460.0  19.023327914158426  9.926134951248693
470.0  19.190483319703596  10.038782294490607
480.0  19.38394271801206  10.180451105173445
490.0  19.676059066650556  10.217529036204326
500.0  19.784816681242443  10.335631034902065
510.0  19.923576423836746  10.440112187306061
520.0  20.135770436036196  10.549726486845557
530.0  20.33595881689927  10.63727309968945
540.0  20.620108001062125  10.781470494535228
550.0  20.831347591782684  10.855241015764216
560.0  20.93686422559042  10.922193753966836
570.0  21.142659231106382  11.045350181742183
580.0  21.346870294276886  11.17709303170189
590.0  21.54037726341329  11.275901176838493
600.0  21.7963023519923  11.39793682122054
610.0  21.81024515535823  11.43537346408821
620.0  22.06131088904702  11.549800944467194
630.0  22.211499045432944  11.547263318844486
640.0  22.50218719442823  11.787868826336258
650.0  22.622607942815442  11.777180047263595
660.0  22.85951523073249  11.867815444129102
670.0  22.84556244536244  11.995251416916835
680.0  23.065371059240537  12.058100094938217
690.0  23.246215361741807  12.13711379840855
700.0  23.575912230824734  12.266208969541026
710.0  23.677687079887306  12.353255220667046
720.0  23.787487985809957  12.458642595601937
730.0  24.03620382855074  12.575917680724647
740.0  24.074799312756614  12.667796890165773
750.0  24.265694859200902  12.726480778288664
760.0  24.560873413997548  12.767132690686207
770.0  24.478843748777066  12.822142906821693
780.0  24.780018616279225  12.942026015151377
790.0  24.92918372810815  13.034563999237868
800.0  25.032085706111257  13.075889461214505
810.0  25.134132684608673  13.169506224323142
820.0  25.38533850392967  13.271111070325109
830.0  25.5373701706227  13.32793700347469
840.0  25.780204616138924  13.391769485396967
850.0  25.777959388557587  13.5419898745301
860.0  25.924229391850233  13.510752400911224
870.0  26.18475196756421  13.681201862305159
880.0  26.245286156724543  13.702479868682275
890.0  26.496860413510703  13.930148176775774
900.0  26.553499682343862  13.889301444628684
910.0  26.73637288588531  13.914270548860866
920.0  26.82300837485738  13.971418744076448
930.0  27.057550501137126  14.177350277058618
940.0  27.222502111151844  14.205359509999507
950.0  27.35206169943299  14.300069258238256
960.0  27.449711583800912  14.36842976689332
970.0  27.678796688644475  14.405314778535166
980.0  27.706545877681584  14.469348828745735
990.0  27.887607051665917  14.585465811275052
1000.0  28.071352599447252  14.637458223253995
1100.0  29.339894885248704  15.313129272704414
1200.0  30.579285834019178  15.980318453690275
1300.0  31.980303614150724  16.68710881928736
1400.0  33.22100422429316  17.37729088003927
1500.0  34.19068573802781  17.88812535632009
1600.0  35.41963124484567  18.50032114529779
1700.0  36.62505272075324  19.123714419590296
1800.0  37.52844799992646  19.693656103344942
1900.0  38.813464687225746  20.29928813957474
2000.0  39.63202617534189  20.718078126047672
2100.0  40.61930089258575  21.22743496038988
2200.0  41.520157245612864  21.68314742604453
2300.0  42.56245458188673  22.21956300121199
2400.0  43.34964915706357  22.641341346296112
2500.0  44.38027268021334  23.091589309311512
2600.0  45.13505073193428  23.68639599909026
2700.0  45.91843398745245  23.95631816744742
2800.0  46.97521498757017  24.609060462999455
2900.0  47.58933310234774  24.76181808498298
3000.0  48.60856247978101  25.48627225879112
3100.0  49.49071927291831  26.05844250620501
3200.0  50.21690759291814  26.28222882109355
3300.0  50.83725346033968  26.674777611241314
3400.0  51.738263674315085  27.03077453509329
3500.0  52.41524851875603  27.35631157003889
3600.0  53.29116910675069  27.767738749053752
3700.0  54.03377362421514  28.308604132437765
3800.0  54.56686809846672  28.56862975230935
3900.0  55.4481119458544  28.895040087184487
4000.0  56.078258258821556  29.247802150878137
4100.0  56.452678516659056  29.64972728870775
4200.0  57.28015830088108  29.92763680991208
4300.0  58.026382931972854  30.292495833655725
4400.0  58.89203323495473  30.752366436633576
4500.0  59.60738144379756  31.090237654505287
4600.0  60.010722647949365  31.34219212612445
4700.0  60.644417970945334  31.795387227792688
4800.0  61.280992876445765  31.99700504855108
4900.0  62.077145415376776  32.38975327288194
5000.0  62.349521126040955  32.54673955027404
5100.0  63.20310150162588  33.03724747274168
5200.0  63.856136097485184  33.40812899130165
5300.0  64.67989031404763  33.75316739156146
5400.0  65.33873165948097  34.18833697520748
5500.0  65.30150580248652  34.13005098044566
5600.0  66.43860752561572  34.743051824173385
5700.0  66.61940354340705  34.75237332212988
5800.0  67.11736390514693  35.0909817819918
5900.0  68.00051133800854  35.80171165977086
6000.0  68.80637482444678  35.79627443628368
6100.0  69.11205736139775  36.197152474674965
6200.0  69.614497841719  36.5235451489214
6300.0  70.1132895798644  36.758536209839455
6400.0  70.99275769257599  37.09542283359488
6500.0  71.43018103766819  37.26394580457023
6600.0  71.83462320791857  37.51809441557989
6700.0  72.28470660144633  37.73630521848716
6800.0  73.13357861554411  38.09391104735807
6900.0  73.46211551218369  38.44314613132725
7000.0  74.04960398491518  38.58105583932656
7100.0  74.8888694844196  38.89421688819004
7200.0  74.96453908026999  38.975576461197775
7300.0  75.74303490881778  39.665510242547136
7400.0  76.41080971736868  39.877297781269945
7500.0  76.74074872336426  40.02037162967713
7600.0  77.18210947551657  40.470399020881615
7700.0  77.71714539874111  40.45740984134962
7800.0  78.00329724683348  40.88330097511867
7900.0  79.15691898982871  41.209915748975945
8000.0  79.40674506521775  41.20893929898604
8100.0  79.60086843427865  41.64885934222761
8200.0  80.48275915542419  41.88029248620386
8300.0  80.7335909550574  42.15424855814032
8400.0  81.2926691514263  42.37218783868427
8500.0  81.67554474021125  42.92056653155629
8600.0  82.0000103849702  43.006985442655484
8700.0  82.77976201078788  43.26084536202825
8800.0  83.00012510323931  43.38515406042281
8900.0  83.49005118880183  43.56227235224593
9000.0  83.99529845763736  43.86446143533991
9100.0  84.3320728185442  44.14198017905131
9200.0  84.93619842215354  44.30371832693688
9300.0  85.1401294351352  44.718534857130834
9400.0  85.76545137792449  44.69100054754727
9500.0  86.3050470551632  44.960683633660025
9600.0  86.83026039817102  45.30986823183017
9700.0  87.08039938532282  45.72949445262508
9800.0  87.95099978283598  45.68178539855448
9900.0  88.25020283059003  46.19792506552345
10000.0  89.14846974126624  46.57002515342393
