n R sigma
1.0  1.0  0.0
2.0  1.6082963248876416  0.2757225622848183
3.0  2.0421029759137603  0.6083875703564009
4.0  2.369454706851812  0.9677212368124374
5.0  2.7171921601372935  1.0731201073917258
6.0  2.9735015031293783  1.2905071913349915
7.0  3.2327299704122234  1.4098003186262174
8.0  3.468643926239406  1.5837011438281139
9.0  3.6932716748058896  1.6817801093117077
10.0  3.892789963072457  1.8241782542839222
11.0  4.107123002500834  1.9370133304467823
12.0  4.269214079007602  2.054042635293453
13.0  4.465736409125407  2.1217158914924763
14.0  4.636143498224285  2.255662533242216
15.0  4.807102478145336  2.337469949455814
16.0  4.939596520692001  2.4310627743370747
17.0  5.119716559907601  2.5039213937757476
18.0  5.259595650418339  2.6142558394503963
19.0  5.421437661684807  2.6688450087005
20.0  5.569919972593491  2.7720157825856857
21.0  5.693912178990862  2.8360261102358577
22.0  5.844418174070407  2.9337989376566918
23.0  5.975688534357937  2.9755447468225182
24.0  6.089009374541621  3.0538966643853986
25.0  6.264888650845723  3.1107507441941498
26.0  6.398758112953509  3.2121853327464858
27.0  6.459057510162295  3.228859873146565
28.0  6.613542333374263  3.3425765218864485
29.0  6.733815411874287  3.36065023452372
30.0  6.83801396886258  3.4609081122792364
31.0  6.94702148559018  3.5175236287405958
32.0  7.038598814901029  3.581291208890145
33.0  7.161911724264171  3.6024409022005357
34.0  7.241045641591357  3.679377395211155
35.0  7.422120887788759  3.72547467137408
36.0  7.481023432971129  3.802405606367747
37.0  7.628556501794844  3.8795677206260515
38.0  7.724798022476972  3.9154840712146757
39.0  7.7487091682079425  3.957158857884047
40.0  7.926685969718079  4.017906113571415
41.0  7.9768067540576375  4.064735416779358
42.0  8.13554075100063  4.148032869783955
43.0  8.224313313274997  4.2264725865770885
44.0  8.266006213229732  4.23919111185701
45.0  8.35943397958251  4.231636035979619
46.0  8.463110774866683  4.312047774820618
47.0  8.50016196588041  4.38485194206145
48.0  8.657354116883969  4.432279288906804
49.0  8.732089544103475  4.44265373327235
50.0  8.81450978302609  4.549876623045659
51.0  8.878582734603347  4.519739884639751
52.0  9.04414924091305  4.6217404198085275
53.0  9.125917588834643  4.698973096517844
54.0  9.19551662666221  4.711814296932642
55.0  9.25248543850566  4.746905645811881
56.0  9.381055881117932  4.762918281405073
57.0  9.447951166846654  4.849748318096616
58.0  9.508492662181041  4.898433146757165
59.0  9.553285668938884  4.904170972513799
60.0  9.664511239838783  4.9611795467438835
61.0  9.829958008112643  4.978040333177518
62.0  9.832524285481435  5.062752825826855
63.0  9.931168280698  5.135622316765315
64.0  9.975915479713056  5.166243349051749
65.0  10.037160841457542  5.148627219241196
66.0  10.177910374893093  5.215827872988481
67.0  10.226717062570645  5.250830231699217
68.0  10.297389678643437  5.274914767668536
69.0  10.392815808671171  5.323466874794525
70.0  10.427968627014634  5.414642214772692
71.0  10.522218837850124  5.394236806851547
72.0  10.649534159401696  5.467246307579018
73.0  10.683460972039562  5.502826697153701
74.0  10.716225607178314  5.5158198607329245
75.0  10.887171781368506  5.580083386740141
76.0  10.946899275965636  5.6340071212116
77.0  10.957288600622055  5.652856492312358
78.0  11.033173179548555  5.712026749770208
79.0  11.161776383113903  5.700809413878062
80.0  11.18102735783087  5.745035006284789
81.0  11.217916123719702  5.805373187073296
82.0  11.288332231277959  5.793779028949167
83.0  11.31507729381598  5.849436368999157
84.0  11.392356182562194  5.894036020388487
85.0  11.521420869237913  5.92263971163949
86.0  11.591649060204567  5.96178430212454
87.0  11.669891857698266  6.046316567103288
88.0  11.786620105635183  6.132828587645055
89.0  11.802866056782086  6.0794895217987905
90.0  11.854871817668627  6.133698247113737
91.0  11.916050551197591  6.129187487857064
92.0  12.015058114782772  6.238312151407037
93.0  12.01882327979828  6.207212495877592
94.0  12.106471806021656  6.1890532725129095
95.0  12.154524295768264  6.332647088191399
96.0  12.263932428632843  6.3322508941076965
97.0  12.296121544481695  6.32372951377058
98.0  12.335083050438797  6.396227492731752
99.0  12.374717960608674  6.453150811455525
100.0  12.482382223685196  6.428777023806924
110.0  13.139199526162908  6.803028429433497
120.0  13.68157446146558  7.156543876437342
130.0  14.28021864237378  7.400567243529401
140.0  14.739736815121146  7.616539806300649
150.0  15.263073016901519  7.997157124924632
160.0  15.792595693855144  8.208483492730428
170.0  16.292112239051036  8.511002220077456
180.0  16.786650786844902  8.634611477103034
190.0  17.25316112735362  9.013924290428331
200.0  17.68290870497001  9.24513816725828
210.0  18.059860422370537  9.355823936163734
220.0  18.546064098076645  9.674853304832716
230.0  19.00123218472372  9.896070708226546
240.0  19.427542980255087  10.095215389001925
250.0  19.80282380507215  10.297456450272936
260.0  20.173835648751737  10.479757402590652
270.0  20.564933116204486  10.709200060043514
280.0  20.89162269120472  10.879092854109668
290.0  21.324221306754964  11.023283796606961
300.0  21.76513921904584  11.36466430544927
310.0  22.091652225338894  11.630113583051507
320.0  22.501757951263084  11.706870166819504
330.0  22.707491962875952  11.811383016223123
340.0  23.185126570779737  12.086309027032343
350.0  23.37711859966331  12.135590878786076
360.0  23.93822714706681  12.43750139921333
370.0  24.14311221026334  12.581397887461995
380.0  24.282544813066227  12.651729423340923
390.0  24.595217182414483  12.863583161384831
400.0  25.17650361753942  13.04615443707549
410.0  25.400253667664334  13.196656910684032
420.0  25.768253748339166  13.372008778085831
430.0  25.816049818801172  13.47770498835673
440.0  26.255128258838376  13.772848656394455
450.0  26.516234907592906  13.860124325753771
460.0  26.636555662056544  14.031110521343754
470.0  27.12486908422324  14.153160677521834
480.0  27.46750709540453  14.240209758423566
490.0  27.775270810484308  14.527753143699078
500.0  28.056511989545957  14.550900143306048
510.0  28.310811634477204  14.736725029569842
520.0  28.45474691607838  14.848310945758373
530.0  28.92693380649764  15.000398013202984
540.0  29.083321367843357  15.149102224711076
550.0  29.513352910578913  15.286598051091138
560.0  29.5962244777795  15.472297071245933
570.0  29.74679843482193  15.554263173743575
580.0  30.272516184985623  15.7419504455383
590.0  30.352980256127434  15.846661148997232
600.0  30.582101706928302  16.034051739566422
610.0  30.90997486432143  16.10359506094889
620.0  31.0657253609557  16.226604937499218
630.0  31.40200313368764  16.417253095200543
640.0  31.724573927652404  16.462778899958458
650.0  31.916857784585588  16.642697772853364
660.0  32.13592862288695  16.85946652610086
670.0  32.45979301732343  16.941749533992095
680.0  32.72949265898111  17.117763588906747
690.0  32.592970367115605  17.153044121913872
700.0  33.45274499216835  17.59907078481575
710.0  33.39606853481473  17.328368833157885
720.0  33.561791934055535  17.522459935042367
730.0  33.81239713925695  17.703494561729002
740.0  33.95606724846741  17.8048032007534
750.0  34.290308267561656  17.844697781570655
760.0  34.57667267301153  18.066517840010498
770.0  34.70553042617111  18.182805004677125
780.0  35.29562471912608  18.436288012683466
790.0  35.32033357579709  18.432068687329174
800.0  35.21878391176623  18.38167510800678
810.0  35.88363102623088  18.701948143798298
820.0  35.89520049422235  18.632037502097816
830.0  36.16431284574362  18.869181126778734
840.0  36.33394502453073  18.97200988178055
850.0  36.395886590680476  18.99521832668224
860.0  36.96221679621541  19.235772131878964
870.0  37.01582169447094  19.306970354852016
880.0  37.13757970909249  19.47525849252845
890.0  37.16473523971693  19.355440954980654
900.0  37.619782901553826  19.652641920107293
910.0  37.86845776106087  19.76912306600242
920.0  37.79498593078495  19.82612817702357
930.0  38.31303395926323  19.9811948800952
940.0  38.277110892956685  20.06998110831938
950.0  38.75792462994375  20.1736659628239
960.0  38.78022916576207  20.200886759025618
970.0  39.095059304923495  20.41538679389922
980.0  39.42136187322595  20.622019010275583
990.0  39.31384392702259  20.326034430791196
1000.0  39.586209285757455  20.661301855986963
1100.0  41.4609987547736  21.626549938828944
1200.0  43.36702059868441  22.598488542229585
1300.0  45.263868230604984  23.56392142242943
1400.0  46.88786230374524  24.491823300543103
1500.0  48.63312207481693  25.528098974580033
1600.0  50.11278236235345  26.259619264250517
1700.0  51.583709361584475  27.08103337207763
1800.0  52.99685748649669  27.53613147404624
1900.0  54.56864505526987  28.538026855968354
2000.0  56.47904597098019  29.418460976194982
2100.0  57.647616491000456  30.292957480353948
2200.0  58.642299254641074  30.729497524839594
2300.0  59.96855438648395  31.243331525228164
2400.0  61.39120780951049  31.912350018284425
2500.0  63.060012300541736  32.75723994257643
2600.0  63.55466733555349  33.383196070285585
2700.0  65.32262111260395  34.08419297825883
2800.0  66.29834010291819  34.62742178675434
2900.0  67.30208227557236  35.37027963378418
3000.0  68.72899844568161  35.69794353535641
3100.0  69.859576341233  36.49105086762287
3200.0  70.98146368231485  37.01689092179701
3300.0  72.44380768718874  37.66075952210223
3400.0  73.14510517840284  38.223083973436594
3500.0  73.7306471154022  38.88286506861386
3600.0  74.88182558859789  39.28280688187654
3700.0  76.53498085775264  39.9148110994332
3800.0  77.23159435212862  40.61150519037991
3900.0  78.55603135644607  40.935091272953834
4000.0  79.50904518807948  41.3412817082385
4100.0  80.17750401632784  41.635223665926574
4200.0  81.39599148819627  42.301006248710905
4300.0  82.34155355038354  43.18492791367515
4400.0  82.86728161320838  43.15393699347971
4500.0  83.73274723525157  44.13460683451788
4600.0  85.35909128615617  45.00590910982309
4700.0  85.79030426476069  44.96190403174428
4800.0  86.70484009609615  45.183236536467795
4900.0  88.0618061555631  45.830373952434954
5000.0  88.53345295584076  46.14355542993984
5100.0  89.7144452318459  46.892378876978746
5200.0  90.53706995158116  47.43333263204789
5300.0  90.83919195534389  47.37757111651236
5400.0  92.07337839335446  48.243221609197796
5500.0  93.14871373610735  48.6742503723347
5600.0  94.31275837181735  49.055765902686666
5700.0  94.33353361428388  49.245330700917954
5800.0  95.52417524778473  49.67170727114693
5900.0  96.12530708252513  50.26966379726688
6000.0  97.51852011957953  50.76372793331042
6100.0  97.86509930810712  51.111994066112615
6200.0  98.77400312439438  51.739325727942465
6300.0  99.9036887291739  52.06641775947654
6400.0  100.54870753531738  52.437701446356414
6500.0  100.97977012335988  52.51893016649705
6600.0  102.04390094859208  53.7490185881931
6700.0  102.5606259274886  53.94910350841572
6800.0  102.73690712749298  53.683958068280326
6900.0  103.61101485004183  54.19310658879423
7000.0  104.57161888697505  54.87518458608813
7100.0  106.0868068332613  55.56948781410804
7200.0  106.22954233603194  55.61149031519654
7300.0  107.06381188360616  56.11356934781277
7400.0  108.5577202673856  56.704493034926756
7500.0  108.14141978861547  56.63718889654083
7600.0  109.64761623840508  57.310144418204416
7700.0  110.78615037455909  57.43855573728836
7800.0  110.8349876288465  57.75958654036092
7900.0  111.0745669037029  58.09826182559017
8000.0  112.55689980715576  59.03364994477218
8100.0  112.94773828164898  58.62447080409447
8200.0  113.39157383756262  59.20947848647702
8300.0  114.49462284423451  59.677234350768074
8400.0  115.0910814751124  59.66019313486203
8500.0  115.1089399372531  60.27924374543744
8600.0  115.83163405621808  60.52440624959802
8700.0  116.93938178595405  61.52984013890233
8800.0  117.16970695016842  61.2799106821449
8900.0  117.74626035956662  61.89704299348353
9000.0  119.42312907131236  62.394460033056355
9100.0  119.35070187732265  62.21419742623426
9200.0  120.4016295377491  63.206368703277235
9300.0  120.55432011035263  62.92210217984318
9400.0  121.49250008613497  64.13858762726613
9500.0  122.74695113577526  63.869142994654325
9600.0  122.61969893794253  64.54011397858183
9700.0  123.89877000060564  64.45924535966135
9800.0  124.34928644542522  65.13547850836429
9900.0  124.20344673164101  64.85761805663552
10000.0  125.15145210601108  65.55643885810773
